person : 1.0
bicycle : 1.0
car : 1.0
motorcycle : 1.0
airplane : 1.0
bus : 1.0
train : 1.0
truck : 0.9849624037742615
boat : 0.9836065769195557
traffic light : 0.9615384340286255
fire hydrant : 0.949999988079071
stop sign : 0.9465649127960205
parking meter : 0.9375
bench : 0.9230769276618958
bird : 0.9180327653884888
cat : 0.8970588445663452
dog : 0.8888888955116272
horse : 0.8823529481887817
sheep : 0.8815789222717285
cow : 0.8766233921051025
elephant : 0.875
bear : 0.8700000047683716
zebra : 0.8571428656578064
giraffe : 0.84375
backpack : 0.8399999737739563
umbrella : 0.8313953280448914
handbag : 0.8260869383811951
tie : 0.8255033493041992
suitcase : 0.824999988079071
frisbee : 0.8235294222831726
skis : 0.821052610874176
snowboard : 0.8181818127632141
sports ball : 0.8095238208770752
kite : 0.800000011920929
baseball bat : 0.7962962985038757
baseball glove : 0.7916666865348816
skateboard : 0.7659574747085571
surfboard : 0.7560975551605225
tennis racket : 0.7333333492279053
bottle : 0.7142857313156128
wine glass : 0.7058823704719543
cup : 0.7049180269241333
fork : 0.6962962746620178
knife : 0.692307710647583
spoon : 0.6794871687889099
bowl : 0.6666666865348816
banana : 0.6666666865348816
apple : 0.6612903475761414
sandwich : 0.6585366129875183
orange : 0.6428571343421936
broccoli : 0.6415094137191772
carrot : 0.625
hot dog : 0.6190476417541504
pizza : 0.6071428656578064
donut : 0.6000000238418579
cake : 0.5899280309677124
chair : 0.574999988079071
couch : 0.5714285969734192
potted plant : 0.5625
bed : 0.5593220591545105
dining table : 0.5575757622718811
toilet : 0.5270270109176636
tv : 0.5202702879905701
laptop : 0.5
mouse : 0.5
remote : 0.4878048896789551
keyboard : 0.4752475321292877
cell phone : 0.4736842215061188
microwave : 0.4507042169570923
oven : 0.3333333432674408
toaster : 0.30434781312942505
sink : 0.27000001072883606
refrigerator : 0.21052631735801697
book : 0.20000000298023224
clock : 0.1666666716337204
vase : 0.1538461595773697
scissors : 0.1428571492433548
teddy bear : 0.0
hair drier : 0.0
toothbrush : 0.0
total : 0.7285993335631391
